-0.22651033539419743
-4.2065882025291475e-18
-0.2272960965303295
0.0
-0.22704923200357988
-0.2653127569674481
-0.2661522385722433
-0.3024025510684903
-0.1416658922901316
-3.776078785174199e-18
-0.23935479287492073
-0.22338224999928014
-0.24963985301319475
-0.1481389359045007
-0.11407634441000786
-0.07328551823897658
1.0124037780860138e-18
-0.12539008811278526
3.110302172431374e-18
0.005573933767957427
7.782728343297043e-20
0.011287270101189345
-5.196451003972484e-19
0.08425699598431927
0.10432386565866329
-4.1502847513155206e-18
-0.00367498270670893
0.036980919431159005
0.13781039914589477
4.8562031014251505e-18
0.22745873753062654
0.0
0.08482175118807389
7.13732798216287e-18
-0.08151473552419455
-0.2715130992644556
4.0652869325912514e-19
-0.27188109642127917
0.0
-0.22728422263290718
-0.3054030530596344
-0.3114201640057961
-0.3477278379821093
-0.4356112334387565
-4.3367265698107045e-19
-0.42578727645395054
-0.2598954307197173
-0.29522612749741695
-0.15966718602458513
-0.1227995947351888
-0.055094415266143525
0.0
-0.13320038855942082
-1.4687601817403304e-18
0.0014008181738276552
-7.406668798593008e-19
0.008727345602563358
4.198554132086617e-18
0.08204482206638893
0.101835043731236
1.5760254157336846e-18
-0.002396305512380191
0.04497253423936336
0.1348310955176519
-4.1633123161343996e-20
0.22474512811262468
0.0
0.09647065566920116
2.38490627357467e-19
-0.08464666278702251
-0.43276505586282715
-1.8686496979898043e-17
-0.4336030877619171
0.0
-0.35681557451112667
-0.44316853178767124
-0.4528578448955985
-0.47850378820525663
-0.555290075737721
-7.893030642586434e-18
-0.5454358101239012
-0.3774192642287893
-0.41619040184551015
-0.2635081116190156
-0.2279181480526396
-0.16822620936472912
-8.744610813627862e-18
-0.21404298836839566
-6.056973169245417e-19
-0.044645434490473805
1.1053922360017863e-18
-0.04023356726988569
2.5195487030736384e-18
0.044951907417699805
0.07035891354349083
-1.1032730879741582e-18
-0.0533157028197874
-0.009370702476452192
0.10721556828913152
-7.358696822242509e-19
0.19716286955267331
0.0
0.0402621649538072
-2.4359708922538526e-19
-0.16137615879792847
0.048534583535731625
